1000
80
72
81
71
72
85
77
69
65
89
76
78
76
70
68
88
70
73
82
67
86
83
67
88
71
71
66
87
75
70
78
81
68
85
88
87
70
78
70
79
90
86
83
82
84
75
74
80
82
69
80
71
71
88
82
80
78
82
86
89
83
84
77
87
67
89
83
89
89
67
81
80
69
86
73
75
69
70
70
77
90
78
73
77
75
75
65
83
86
87
83
82
69
78
90
75
89
67
88
70
88
84
76
83
71
89
80
83
70
65
68
80
79
79
69
70
88
90
66
67
79
69
74
85
86
80
86
65
66
79
89
71
80
79
69
89
76
70
80
66
78
80
76
74
86
82
86
73
80
89
65
77
89
69
72
87
81
78
81
82
81
80
77
88
85
74
74
76
79
79
86
65
79
87
85
88
87
72
77
83
78
67
66
88
67
79
75
83
70
90
75
86
65
84
88
68
75
78
76
89
74
89
72
70
73
88
74
83
87
78
75
75
85
70
78
85
88
88
90
82
90
66
77
78
77
71
81
79
79
75
69
84
76
89
72
78
75
79
65
85
71
90
81
82
67
68
68
73
85
84
69
73
79
74
87
65
89
89
90
80
86
83
67
77
80
83
65
74
76
70
86
71
85
66
70
65
65
79
86
76
90
89
76
78
84
82
75
68
67
80
87
83
82
84
69
83
74
87
72
68
73
90
67
79
66
90
67
78
70
87
76
81
73
74
84
86
68
87
86
88
72
82
67
66
76
68
86
71
89
76
87
71
66
85
83
66
77
66
79
82
88
84
76
72
67
83
77
80
88
79
72
71
77
71
78
75
69
85
70
68
88
79
84
79
71
66
71
88
80
69
89
65
78
70
69
84
67
85
75
69
80
90
83
72
75
76
74
85
71
71
71
69
75
74
68
81
90
74
69
78
80
69
86
81
71
88
73
69
80
74
83
82
68
90
74
65
90
85
74
76
76
67
72
72
66
70
81
77
75
73
77
87
90
79
66
73
87
89
66
88
68
85
85
78
70
83
75
83
82
83
82
84
69
75
77
81
68
67
89
90
74
69
69
85
72
77
83
82
81
67
79
90
73
74
73
80
70
73
79
78
69
69
68
68
80
83
90
82
78
65
86
89
77
77
84
65
84
66
68
90
81
83
79
69
77
85
86
78
80
80
80
83
85
65
67
66
65
90
85
88
77
72
69
67
84
72
76
69
71
82
80
85
78
75
68
77
66
80
80
87
69
81
84
71
74
79
80
65
82
77
79
87
90
68
81
89
79
88
89
84
74
66
66
72
65
87
68
89
68
67
80
82
74
66
88
80
72
79
79
72
80
75
87
81
89
85
72
82
81
90
72
78
66
78
70
85
86
81
78
81
81
76
82
90
74
80
88
73
79
71
86
76
73
69
88
68
90
85
90
79
83
82
75
82
85
83
86
79
74
66
82
90
77
87
90
80
79
87
75
74
73
76
69
70
82
65
65
77
68
73
71
80
78
80
85
85
72
71
88
80
81
78
74
87
74
77
87
65
88
88
77
78
83
78
72
72
76
81
81
82
90
85
68
76
84
70
90
79
84
67
74
84
78
90
88
85
71
76
83
68
83
77
90
67
78
79
67
75
86
70
65
74
70
82
77
88
79
84
72
79
87
75
66
74
90
87
85
67
87
76
74
70
82
73
77
80
77
89
72
67
72
90
82
73
87
75
66
65
82
88
66
71
70
67
66
67
69
89
72
74
85
71
73
88
87
84
66
86
84
82
69
72
66
66
67
80
88
73
70
66
88
86
70
66
67
71
75
67
70
81
67
75
67
79
84
90
71
75
85
66
77
74
82
77
66
83
90
84
83
83
72
70
82
79
69
70
87
83
74
82
88
74
72
71
85
90
89
85
80
90
87
87
69
73
81
85
82
80
73
88
73
81
70
76
68
85
85
86
69
79
79
87
81
67
85
68
72
78
69
70
78
74
72
65
73
77
85
67
90
70
83
75
85
73
68
85
66
85
82
73
83
87
84
66
82
69
67
85
89
75
65
66
70
67
86
75
68
90
69
90
84
79
73
68
85
75
85
72
74
90
69
70
67
90
90
90
66
70
75
81
68
80
81
90
73
75
70
79
66
85
67
68
72
84
72
88
68
74
71
75
74
69
76
82
76
80
65
88
65
77
67
69
82
79
83
87
73
84
68
80
84
80
67
67
76
73
70
75
69
76
74
89
84
73
72
82
67
81
65
89
66
78
69
70
88
78
88
86
71
90
69
68
89
89
72
78
71
89
67
68
